000980
001490
001890
001970
002470
002480
002580
003260
003340
005900
007150
007640
008120
008340
008690
010090
011870
012350
012580
012670
012760
013090
013890
013900
015150
015200
018360
020920
025100
026710
026970
030010
030950
031690
033030
033480
035430
036150
036840
037030
037640
037890
038520
038710
040100
040470
040480
040830
040870
041500
042000
042380
043500
043720
043880
045020
046290
046400
047730
049130
050480
051810
052510
053580
054190
056880
061610
062760
06276K
06276L
063180
065180
065310
066190
066400
066870
068420
070080
072700
073710
073960
075120
078060
079180
080640
087800
100380
101910
102950
104230
104690
104770
110030
114290
114750
115410
115580
123440
123900
129050
130480
134610
140310
140320
143500
161990
166220
168570
179690
184560
190410
201150
206300
227680
237010
238730
251430
263650
