069500
069660
091160
091170
091180
091210
091220
091230
097750
098560
099140
100910
101280
102110
102780
102960
102970
104520
104530
105010
105190
105780
108450
108590
114100
114260
114460
114470
114800
114820
117460
117680
117690
117700
122090
122260
122630
123310
123320
130680
130730
131890
132030
133690
136340
137610
137930
138230
138520
138530
138540
138910
138920
139220
139230
139240
139250
139260
139270
139280
139290
139310
139320
139660
140570
140580
140700
140710
140950
141240
143460
143850
143860
144600
145670
145850
147970
148020
148070
150460
152100
152180
152280
152380
152500
152870
153130
153270
156080
157450
157490
157500
157510
157520
159800
160580
161490
161500
161510
166400
167860
168300
168580
169950
170350
174350
174360
176710
176950
181480
182480
182490
183700
183710
185680
189400
190150
190160
190620
192090
192720
195920
195930
195970
195980
196030
196220
196230
200020
200030
200040
200050
200250
203780
204420
204450
204480
205720
208470
210780
211210
211260
211560
211900
213610
213630
214980
215620
217770
217780
217790
218420
219390
219480
219900
220130
222170
222180
222190
222200
223190
225030
225040
225050
225060
225130
225800
226380
226490
226810
226980
227540
227550
227560
227570
227830
228790
228800
228810
228820
229200
229720
230480
232080
232590
233160
233740
234310
236350
236460
237350
237370
237440
238670
238720
239660
241180
241390
243880
243890
244580
244620
244660
244670
244820
245340
245350
245360
245710
247780
247790
247800
248260
248270
250730
250780
251340
251350
251590
251600
251890
252000
252400
252410
252420
252650
252670
252710
252720
252730
253150
253160
253230
253240
253250
253280
253290
253990
256440
256450
256750
260200
260270
261060
261070
261110
261120
261140
261220
261240
261250
261260
261270
261920
263190
265690
266140
266160
266360
266370
266390
266410
266420
266550
267300
267440
267450
267490
267500
267770
269370
269420
269530
269540
270800
270810
271050
271060
272220
272230
272560
272570
272580
272910
273130
273140
275280
275290
275300
275540
275750
275980
276000
276650
276970
276990
277540
277630
277640
277650
278240
278420
